33 2 
1.2006365300929074 -0.40491269618976883 -0.1252332123537893 0.3614512584366118 0.6944610866129977 0.6653901299218697 0.5849886326086134 -0.7851051784571785 -0.5077664805669417 -1.0858282572967672 0.7449888168145581 0.767677013740543 0.9205425341605481 0.5381179556178213 0.6730562779880915 0.4109301887442839 0.16416678376450322 0.9167645742914765 0.2442471518216719 0.8858908304496648 0.24783528074181194 0.12252362506702719 0.10197840222520593 0.2190272749025639 0.179759011757316 0.9976100640416093 0.8824650266196268 -2.1364326556936986 
1.5021018884488746 -0.6399798388614059 0.8170489657654932 0.9486951596245936 1.1974106021568445 1.0315793888286753 0.4749058499018167 -0.5513529341055432 -0.7522098895403693 -2.450303464911906 0.28801307866859926 0.3749970765200781 0.2136449939721199 0.17668569934198197 0.18189336509557952 0.5661274090316105 0.07251736806392495 0.48017493365625885 0.9562100096862418 0.8579134085921554 0.4529605824289289 0.4480200687847683 0.3515843726968163 0.47041803800427195 0.5167161548643905 0.7133402527171944 0.2573042929693836 -1.4092221935378357 
-0.45060918038923403 -0.7006849989774642 0.033862131147058494 0.23866463889645512 -0.24225073475579334 0.248130348247402 -0.05808109460250788 0.10348884015131107 0.6016425777625616 2.356328178954686 0.11811091941643481 0.4906466164895119 0.5537337576208238 0.12893938725162069 0.7738146134368961 0.346230730172005 0.8404070504575225 0.42739661366204107 0.45525109558198773 0.10153381274516649 0.5114014685186925 0.41882611202962383 0.588651418029852 0.9354196202735564 0.13617130971452795 0.9203019834521406 0.6396192928189057 -1.466235311801567 
-0.7646832918685068 1.0262748545515838 -0.014699852121133781 -0.26667832567573047 -0.6178715422179273 -0.47236967647374867 -0.6471795209826919 -0.299937926112269 -0.5466065434471592 2.239262229159047 0.9427236412219269 0.9042738107386173 0.6295601704285112 0.37675779461312153 0.9730314014941953 0.5650999105227947 0.44975463243795755 0.4385072448096442 0.5711149434603261 0.0054460154800101135 0.6454495109431714 0.5720110127509396 0.22892879047259918 0.47121994369505305 0.4352818462927972 0.20546899655946516 0.6637988864931303 -0.4035886672571397 
1.0767619750460535 -0.1533876458447052 0.3893234061398915 0.27735699612098247 1.1502460452899193 0.08662449909960337 -0.027025139978958147 -0.3379711953112557 -0.4623252873933988 -1.9987854246244516 0.9009510752485498 0.23823466171028307 0.882113564678963 0.47586620552274406 0.2859326497272956 0.2577906727524939 0.4367463680307262 0.6417285582776653 0.45757558639866314 0.4763924569545246 0.023416592708165873 0.6507331849530861 0.6860396802888623 0.500527884661942 0.35921079115412013 0.3361606672481907 0.12527852688855456 -1.2976680550735609 
0.38423866949926117 -0.11171660121195504 0.24979860369609527 0.0822735929203649 1.0498890690630638 0.5998670811271464 0.4122524539325079 -0.06889041518085057 0.5680715922574623 -0.19957459959230806 0.3612136713711972 0.6057944535111922 0.1302552804032252 0.6327715034376722 0.2352776177449568 0.5938359183921267 0.28120596707124745 0.07254710481407933 0.04847612582640137 0.36816688866139136 0.2882650675131184 0.502566407285828 0.39315471175290184 0.22430632646431015 0.2532956511746681 0.8395518688252694 0.8462558901018109 -1.6586343293051258 
1.8456062912609064 1.118564559160955 0.14915257564147638 1.0816879865232134 0.5989621936194318 0.9122109253107732 0.30465780487317073 -0.8250822186364501 -0.9212209972749206 -3.7613497688333895 0.6636787467757446 0.07737842495873903 0.7155320738091319 0.8511622022799025 0.33093963387771075 0.34324955933191914 0.5173642912579439 0.7334799349890423 0.896561619770932 0.6891011207351578 0.9415007234026609 0.39749481028843925 0.25077311415954107 0.2230097801620199 0.5380665249666525 0.2312926919253686 0.4719116934306333 -0.48034375131423046 
0.11566363084609235 0.09952070380236513 -0.17951417760011998 -0.058002415576474356 0.16083362999557674 -0.19666513335727304 0.3030741375211642 -0.037849039457873726 0.36485804812727474 0.4226477416265217 0.8855143847913873 0.11246840841703876 0.04728557803548261 0.37433572972139184 0.44032620592419636 0.34066611993365126 0.019622647435196927 0.6670348844745256 0.9456974495130164 0.768197832568538 0.5837959402958101 0.3905714571570822 0.8881959188723497 0.8816540763368094 0.22780273620376357 0.32843469548279414 0.6580174156670557 -0.9603192199064403 
1.2801050771891263 1.0425238513429649 0.48615729812275943 1.1236993834517792 0.9142612339851227 0.4582109790069867 0.1884627886174821 -0.8147821462603928 -1.2492990244173348 -2.415414702269833 0.4752678991386925 0.9592359289317334 0.9495586946709793 0.11109439236895702 0.6654216628425552 0.40432553351125844 0.10305584974328597 0.2720525970632698 0.8798022970023166 0.32680616414355235 0.01857946734060989 0.6611468786817158 0.6991924653625247 0.22527137803153396 0.13885454340422976 0.2742404808054635 0.4843931854378274 -0.8525789301057465 
0.3746986912744765 0.8087322461032714 0.370497062674225 0.20695351589722227 0.4157627811445704 0.5959437014716293 0.3093135531678169 -0.5507749778841841 0.10643922787483358 0.1653598630050066 0.4973138366280967 0.7523240634799004 0.7659346069542243 0.8972404706234615 0.4939378538293302 0.3049076938727352 0.14756856976150934 0.8847172863984183 0.5937867501674323 0.08837520889412276 0.7988232137178025 0.6612297993378754 0.5763234508269315 0.6386809016622839 0.3203248189850827 0.5176000330374909 0.4864417769837237 0.048353833803242104 
-0.22288388657218647 -0.2855622072606721 -0.41805715707958296 -0.3198584323635076 -0.43875835061646185 0.007959413376646343 -0.5226554720821595 -1.1335216425154475 -0.4738047707236676 -0.6093878075279175 0.4339623344419633 0.45229882401280364 0.10029213047279939 0.629539804272952 0.1060655112273331 0.8581467516666705 0.9616124948531545 0.8080678332562524 0.16148315447575157 0.6748355108010557 0.8626453531864561 0.6211443438040481 0.4062688673101309 0.5955707254304624 0.8911263962532456 0.4283453037324908 0.5618663935978713 -0.6705558315602999 
0.7421355608514113 0.06431125267540132 0.6856014540315952 0.6080909929137942 0.7511347816202171 0.13922368312537878 0.6993418644300693 0.18242093300043288 0.5754341964337775 -0.10546636434217958 0.08331950667112431 0.5816751788971642 0.02132210215897823 0.6035029173681614 0.9248861340246813 0.6595589018500476 0.7964463681350843 0.488069710852138 0.8569523989968173 0.35790684491783986 0.7619717962371626 0.6615993552754584 0.14266205953434496 0.6268483521506653 0.047464628666653796 0.29635011075167783 0.020748379056247712 -1.3526898296317735 
0.43412340852912973 0.2821647521196115 0.7018846301478389 -0.04576973805361679 0.6888390836819827 0.13024911018955526 0.8665100443413056 0.8077684824968426 0.42431590320791907 0.4375411702011982 0.22556635011545467 0.12250378395148542 0.6660493006105109 0.17273349925053305 0.4138488842522021 0.8447363745339536 0.3160879117485891 0.6571355917532864 0.9114943821745906 0.5917683609756831 0.8509712960653713 0.4336098321518712 0.5509388667327483 0.2931181956765341 0.5923489402409836 0.6885338710207275 0.49134256277625066 -0.17347359698459447 
1.1891730802654623 0.40825463993424455 0.6950681737920906 0.6605198328747551 0.2472879373558054 0.29329878879689286 0.16172516095653816 -1.252950608372557 -0.5138757232235754 -2.262425612748307 0.7426089975565985 0.1996482351854758 0.4027650764717292 0.16272527435137496 0.18636447712584225 0.9673184423022387 0.9351864509359997 0.6312568407529161 0.1578565832967428 0.5995132665885795 0.20800675884898956 0.9526282245444704 0.005945651208363878 0.16423837436977928 0.9671659805314365 0.672836725447361 0.20226441860934008 -0.30396177556128984 
0.8357566682273538 -0.3030007204627978 0.46954068353026873 0.6682654862619753 1.144943577063289 0.4613365186041602 -0.033237983515449855 -0.48566205750915337 -0.34403176427814197 -2.0091987740039405 0.24491243142264318 0.33629618415095 0.14294940397518718 0.5736413511020252 0.6431133556945864 0.1965493193590202 0.8607118904929265 0.07627424860867182 0.06050831730739348 0.08598737974136472 0.8176585685305491 0.39437890998176817 0.09779645295318973 0.13270285598874143 0.15620555358455068 0.2722249244757109 0.2546842428847199 -1.5867689573469765 
1.5210292525884812 -1.0845189770406334 0.09978903272801638 0.7142936214421325 0.6252022827419792 0.8843726019885927 0.3186022776296898 -0.05222982318233129 -0.2768801928062454 -2.133022430002707 0.21935142358785598 0.7939745062085289 0.060197965250084695 0.3440138094811379 0.21639800367302586 0.3421135283744917 0.08298032486273033 0.7119813785391244 0.6927883250302653 0.6883112190646533 0.7229876547597639 0.7514400199653696 0.4942981480921885 0.14089355340988174 0.4277567113261782 0.15792993909273223 0.3994841542098201 -1.5407644836083312 
0.287679945487426 0.5263595532328725 0.27105980452065126 0.6641787436582379 0.6478468672962376 0.30692183515420335 0.38124759725076013 0.8261965218518921 1.0080138417387012 0.6443438720112034 0.7277907351603169 0.43502561931404904 0.2686860246874321 0.9172501500779995 0.8832192600652268 0.14017242866449187 0.01076443062254162 0.5682812573228172 0.6666229245617639 0.9315631252510046 0.5815129850868351 0.4469622920975005 0.04665882298244417 0.6825334992217345 0.5041522246474427 0.2905309879541863 0.3208672784368498 -0.40633600462677266 
0.6713711533791913 -1.1458346743377115 0.24247403298867634 1.1508423818122977 1.0142683165226185 0.5685944864030804 0.772463587555216 -0.41501713931602463 -0.5092662049357484 -1.3276814668576586 0.5108088233845625 0.8553538911182929 0.29537575537065386 0.19362369318677586 0.9442356084024474 0.3102399474800779 0.3766092735472193 0.10172048702858283 0.5230066605438792 0.6225429993130998 0.8407164704911579 0.4335505781246306 0.4924063553963811 0.7336151414706138 0.2506619139865276 0.21198461206902042 0.8683597239129586 -1.2659956960647918 
0.23884459865671712 -0.6838697535739734 -0.07474963517830482 0.639515285192726 0.5467634731688303 -0.3089630371662526 -0.02737685376690987 -0.6450775272006035 -0.6418308626652105 -0.04150860212760165 0.706088630434961 0.014797085928075493 0.631634017936247 0.912096917769194 0.6785600024234936 0.14093192385382258 0.605917184198847 0.9017581990791689 0.4871390697752287 0.9610865444805567 0.6191519590483489 0.8571766272404332 0.6095657835600036 0.03516307074164571 0.493708963034038 0.36003530514249094 0.42538203313322187 -0.9720120551051323 
0.5299874527383239 0.598571816821339 0.5663058999482761 -0.016620593867415805 0.6708475743454427 0.9263688103682831 0.8471987882806332 0.55279219397362 0.7904140399478108 1.0496745497242634 0.038647974508148164 0.6034304242629119 0.12509983505074918 0.6375598613238873 0.7907220545166415 0.20898620220222308 0.08543798071706332 0.5397753727967699 0.7157112467412872 0.526829828712482 0.48911114919134113 0.7098451466487715 0.041995835044203234 0.46675772996547427 0.2993975639273023 0.746930223875287 0.9745819078645421 -0.7732225944274238 
0.21947797107849937 1.0913750350245113 0.41977488210309466 0.22041292868004195 -0.26344426010160954 -0.035309984544664046 0.05830132400627152 -0.5166912241603325 -0.1507089425137882 0.2568749324698789 0.9200159039176922 0.2566067984577918 0.6185239825004651 0.3662859038333762 0.8190204710586182 0.8835293012535868 0.5131763586187328 0.29141739412762224 0.35174594190341 0.38897801141956834 0.5931261040393805 0.09798693244695766 0.35774810897841924 0.15718467696742533 0.4402303335127282 0.5935427433345446 0.052348861618847664 -0.5231921435968656 
0.004221252894832114 -0.14036541770586702 0.4570489911568217 0.09374545388919889 0.18963649818092587 0.6440740557078007 0.7036201762746599 0.11247879504935566 0.319162809211522 1.4166937438695848 0.30809793159585075 0.5933736793309784 0.4521854566846554 0.5569613813650819 0.916390191218852 0.19238773169489165 0.906321137186619 0.6396052711902939 0.8553822461691554 0.6143679255891799 0.388733930277817 0.8091013584969052 0.19554049144954777 0.46936999415100034 0.2099324287443558 0.7892532768264405 0.029009436215786 -0.14345051989617955 
-0.3806341193553219 0.8650705222256586 0.3986465890587067 -0.6335916986884577 -0.47217117879788645 -0.4852776504140598 -0.5799923588159487 -0.820771684217288 -0.5416414883716772 0.8757074012755166 0.502817868044082 0.26762375480072553 0.5646817498376245 0.3691614575170693 0.8792348216866571 0.11418360261059424 0.34539280820170537 0.7145645678287218 0.9148276246384835 0.9024059074716727 0.22370947951351505 0.5984337179848338 0.8698682930287808 0.34225458307691803 0.5117083308646941 0.9136896373157478 0.1588019469882156 -0.6664134427248711 
0.4286798558795627 0.5334009122207779 0.13481605064495458 0.4020408399112378 0.541506009921057 0.7007947894309767 0.4751578021260897 0.8506943762915865 0.7946232948698889 1.060439200830826 0.5898774949719088 0.5689262525042431 0.4991836529307254 0.96905736515999 0.11224684888031444 0.8115897179304704 0.8285729040118183 0.7239574087415633 0.7202154082138573 0.8178108040003791 0.14611302045905228 0.23979722328940256 0.4712364606222046 0.008667975292882102 0.5642445911319618 0.04819206744881921 0.3387381426653695 -1.2350682985778527 
0.1396950406434385 0.2745565375211501 -0.4487827644425652 -0.029130423791099796 -6.82722981170348E-4 0.5162400142531313 0.13224270916992562 -0.7992428783210114 -0.4741596456490664 0.36210173096211645 0.7718929215387954 0.6080298742202838 0.25826161427065153 0.6509493160077854 0.2848002056171499 0.07653770998595832 0.5642660490508461 0.7327970071222037 0.27986858671761516 0.3296095814053239 0.1788411434355206 0.1724766179259556 0.3347498867963996 0.4249300236710656 0.9188666754886874 0.3698676365347201 0.6952951699011167 -0.5674041165782315 
0.9781046886343332 0.6139127063403345 0.667902124864769 0.71836372688868 0.775284681231485 0.45442517806091076 0.6792797726893273 0.6258437531699051 1.2057152458148102 0.44765249028708276 0.4393685301140646 0.64267947892268 0.003064977827618276 0.33373374292429325 0.626736697366916 0.3960753082863717 0.38039380850468496 0.4347553993680108 0.36561900163627614 0.7862088955394473 0.03217032354146354 0.49759742869676515 0.5317749679623539 0.6379343197682438 0.23890394721897645 0.33279210640061074 0.08850978001226772 -0.26051450587851155 
0.9123444077477942 -0.5575579122493929 -0.07690449285265592 -0.14019603336172654 0.1920627434232682 0.052458755775401336 0.48255261779013614 0.5684557170105248 0.5734338239061255 0.6465445825598112 0.19838521736503578 0.3197097158528521 0.8681744460522458 0.3301656168156162 0.05830634511665067 0.29134658066672703 0.9868958695074996 0.9885250592795163 0.47018105087881656 0.39515255470068744 0.9915067698656836 0.8409523610544015 0.9161458461827724 0.5550659369953671 0.6936658753390899 0.23719742796612509 0.6432006989064756 -0.911197374080138 
0.7416236893252017 -0.42783118985847357 -0.17545994312692237 0.19963325631494303 0.8448806945985785 0.5281935293641584 0.026397291656553603 -0.722977708014888 -0.2838656220229011 -0.41887774852755294 0.49032539667426556 0.7975398147507674 0.2308341409300243 0.8260692787102626 0.9335790442919997 0.581218527357879 0.6619859268015035 0.8595716955176566 0.09885844455032855 0.3565742620253681 0.5349561797653285 0.6155056723722703 0.691685651577416 0.6065505430785012 0.22482376707792895 0.47589761939331 0.32173318325549105 -1.942533599394606 
-0.027083053891421013 0.5804857801568335 0.6746863356935798 0.08389254809026665 0.4008824300393096 0.60503786102897 0.48946716481622526 -0.4747704191734531 -0.3947964185351893 0.3065602174947983 0.42327973689693543 0.7014111806108305 0.2813277315433351 0.22774530314747943 0.059037442048726074 0.8484058563286442 0.1769870089560034 0.4179111656555823 0.5043849648719534 0.40906888021428733 0.7743778202967829 0.2841228241958117 0.1886043919087097 0.9268651152363835 0.9625867747629275 0.6230993269548006 0.19561645063422317 -0.7040524925553132 
-1.3593173508528453 0.968538824791334 0.011542684902067037 -1.300720120206271 -0.7244938667352372 -0.3855114675381759 -0.5887721752232145 -0.425596064143434 0.2535739233940274 2.494575189488102 0.8908937617313815 0.9897362311137808 0.9849295641839175 0.7395784053972366 0.039464422092577944 0.9181441492435483 0.798432992837264 0.4007464228037301 0.2780307218059054 0.9890398643950983 0.7837521933801934 0.4727586196792971 0.1430061452530833 0.17153628398894272 0.07498463552098522 0.7282189104845785 0.008582682751596682 0.35807911104792706 
0.03762780820766837 -1.682564752498708 -0.1904448858343006 0.3571399194094376 -0.18270694618987585 0.46984451360404195 -0.24382511135727955 -0.016212856547228413 0.3098892257617126 1.2266203116323395 0.8152620471529257 0.7249693330251162 0.6208169373532482 0.9554874036231904 0.18589967667689344 0.2192448792633518 0.3034629881873365 0.5181799732081847 0.6229250923885106 0.49629092250403295 0.27849310576863395 0.16169020234092402 0.3882930014494538 0.6519702955608453 0.07269241431653373 0.4922108732353133 0.955239312478407 -1.7149584241834237 
0.3725479338324353 0.5988154697618032 0.031587548809184456 -0.13046237452453735 0.31789388459438006 0.5371423668892028 0.473864000323334 -0.15329197075832995 -0.24781047586624638 -0.11775698107509436 0.8248033596926317 0.41996935431821636 0.20643701668678494 0.7701391845519248 0.8277749819657518 0.4279041835926699 0.02838546312158663 0.47485337823930773 0.7040773265580238 0.944952691430774 0.9950714546705738 0.7213637652742649 0.9001152702082139 0.2903517675899975 0.001209287121556324 0.9945791205255984 0.5205287701675828 -0.3208704367046807 
-3.3783321285783403 0.012223877796371931 -0.5002250893998876 -0.9350786154198497 -0.9905042376426084 -0.37652283323293384 -0.5782541487090621 1.1999849014280768 0.8783684774060989 2.858811887337885 0.10128140288542009 0.30370251843627916 0.8278974128786917 0.9655089995371371 0.18903084947805526 0.13288248671666436 0.6383023045119167 0.4265201475682583 0.07770259914013877 0.44107818859287906 0.2598308868602389 0.5671247332035463 0.321865910303201 0.10064603340571965 0.6174225924297535 0.9358222033987045 0.43083077053226704 -1.1551081425811864 
-0.6444868320240746 -0.6178658554383956 -0.03869418702365516 0.09064581614622402 -0.49750113454534106 -0.3744770950033892 -0.7207102066867659 -0.1513866746683547 -0.7811107419572556 -0.14006449098043922 -0.30752071424080807 -0.3107283379683319 -0.09375601470719347 -0.6404483326855495 -0.6668934836688212 -0.598268847598562 0.0951852555916351 -0.49556756309352656 -0.2917180741316556 -0.05171921411300178 -0.24242846043979038 0.16107447737972308 -0.18516803189450387 -0.054751288420840795 -0.26308358324328307 0.18622214669637355 -0.26425994650767604 -0.3850252050260835 -0.30704280860280186 0.13953884934540595 -0.1529956079618311 -0.4999362431922149 9.299038382826566 
0.18505304266053854 0.18674106410015354 0.4234753811522766 -0.48672131144723046 0.09396753947316182 0.4082523689085928 -0.5455708875777264 5.401416212266882E-4 -0.49422675153660106 -0.49000710355774807 -0.3377404595309565 0.32334006793250586 0.1005732757670369 -0.3525883297338806 0.12575015415244642 0.27542527209662254 -0.17571329239860203 0.42044097907496186 0.18827646603111212 0.05222273840959271 -0.21375242068107372 -0.08795528343935351 -0.3732607339441561 0.39495463829789595 -0.23713547656173753 -0.12071692055567253 0.27661038510360464 0.2755293759383581 -0.13000552102332094 -0.4339594765017227 0.38912311548859896 -0.2538590837955168 -0.13403141169401053 
