#Vicevrstva neuronova sit pro rizeni auta (verze 2)

#Pocet vrstev
2
#Pocet vstupu
28
#Popis vstupu
angle	0.000000	1.000000
speed	0.000000	1.000000
distance0	0.000000	1.000000
distance4	0.000000	1.000000
distance8	0.000000	1.000000
distance16	0.000000	1.000000
distance32	0.000000	1.000000
friction	0.000000	1.000000
skid	0.000000	1.000000
checkpoint	0.000000	1.000000
sensorFrontLeft	0.000000	1.000000
sensorFrontMiddleLeft	0.000000	1.000000
sensorFrontMiddleRight	0.000000	1.000000
sensorFrontRight	0.000000	1.000000
sensorFrontRightCorner1	0.000000	1.000000
sensorFrontRightCorner2	0.000000	1.000000
sensorRight1	0.000000	1.000000
sensorRight2	0.000000	1.000000
sensorRearRightCorner2	0.000000	1.000000
sensorRearRightCorner1	0.000000	1.000000
sensorRearRight	0.000000	1.000000
sensorRearLeft	0.000000	1.000000
sensorRearLeftCorner1	0.000000	1.000000
sensorRearLeftCorner2	0.000000	1.000000
sensorLeft1	0.000000	1.000000
sensorLeft2	0.000000	1.000000
sensorFrontLeftCorner1	0.000000	1.000000
sensorFrontLeftCorner2	0.000000	1.000000

#pocet neuronu v jednotlivych vrstvach
41 2


#popis vystupu
wheel
acc

#Koeficient uceni
0.400000
#Koeficient vlivu z predchoziho kroku
0.100000

#Trenovaci mnozina
#Pocet prvku
72
#Jednotlive Prvky
#angle	speed	distance0	distance4	distance8	distance16	distance32	friction	skid	checkpoint	sensorFrontLeft	sensorFrontMiddleLeft	sensorFrontMiddleRight	sensorFrontRight	sensorFrontRightCorner1	sensorFrontRightCorner2	sensorRight1	sensorRight2	sensorRearRightCorner2	sensorRearRightCorner1	sensorRearRight	sensorRearLeft	sensorRearLeftCorner1	sensorRearLeftCorner2	sensorLeft1	sensorLeft2	sensorFrontLeftCorner1	sensorFrontLeftCorner2	wheel	acc	
0.000000	0.000000	0.000000	0.000000	0.000000	0.000000	0.000000	0.000000	0.000000	0.000000	0.000000	0.000000	0.000000	0.000000	0.000000	0.000000	0.000000	0.000000	0.000000	0.000000	0.000000	0.000000	0.000000	0.000000	0.000000	0.000000	0.000000	0.000000	0.500000	0.500000	
0.500000	0.000000	0.500000	0.500000	0.500000	0.500000	0.500000	1.000000	1.000000	0.500000	0.000000	0.000000	0.000000	0.000000	0.000000	0.000000	0.000000	0.000000	0.000000	0.000000	0.000000	0.000000	0.000000	0.000000	0.000000	0.000000	0.000000	0.000000	0.500000	1.000000	
0.500000	0.480000	0.500000	0.500000	0.500000	0.500000	0.500000	1.000000	1.000000	0.500000	0.000000	0.000000	0.000000	0.000000	0.000000	0.000000	0.000000	0.000000	0.000000	0.000000	0.000000	0.000000	0.000000	0.000000	0.000000	0.000000	0.000000	0.000000	0.500000	1.000000	
0.500000	0.980000	0.500000	0.500000	0.500000	0.500000	0.500000	1.000000	1.000000	0.500000	0.000000	0.000000	0.000000	0.000000	0.000000	0.000000	0.000000	0.000000	0.000000	0.000000	0.000000	0.000000	0.000000	0.000000	0.000000	0.000000	0.000000	0.000000	0.500000	1.000000	
0.500000	0.980000	0.500000	0.500000	0.500000	0.500000	0.500000	1.000000	1.000000	0.586310	0.000000	0.000000	0.000000	0.000000	0.000000	0.000000	0.000000	0.000000	0.000000	0.000000	0.000000	0.000000	0.000000	0.000000	0.000000	0.000000	0.000000	0.000000	0.670000	0.630000	
0.500000	0.480000	0.500000	0.500000	0.500000	0.500000	0.500000	1.000000	1.000000	0.586310	0.000000	0.000000	0.000000	0.000000	0.000000	0.000000	0.000000	0.000000	0.000000	0.000000	0.000000	0.000000	0.000000	0.000000	0.000000	0.000000	0.000000	0.000000	0.670000	0.790000	
0.500000	0.000000	0.500000	0.500000	0.500000	0.500000	0.500000	1.000000	1.000000	0.586310	0.000000	0.000000	0.000000	0.000000	0.000000	0.000000	0.000000	0.000000	0.000000	0.000000	0.000000	0.000000	0.000000	0.000000	0.000000	0.000000	0.000000	0.000000	0.670000	1.000000	
0.500000	0.000000	0.500000	0.500000	0.500000	0.500000	0.500000	1.000000	1.000000	0.410854	0.000000	0.000000	0.000000	0.000000	0.000000	0.000000	0.000000	0.000000	0.000000	0.000000	0.000000	0.000000	0.000000	0.000000	0.000000	0.000000	0.000000	0.000000	0.350000	1.000000	
0.500000	0.390000	0.500000	0.500000	0.500000	0.500000	0.500000	1.000000	1.000000	0.410854	0.000000	0.000000	0.000000	0.000000	0.000000	0.000000	0.000000	0.000000	0.000000	0.000000	0.000000	0.000000	0.000000	0.000000	0.000000	0.000000	0.000000	0.000000	0.350000	0.770000	
0.500000	1.000000	0.500000	0.500000	0.500000	0.500000	0.500000	1.000000	1.000000	0.410854	0.000000	0.000000	0.000000	0.000000	0.000000	0.000000	0.000000	0.000000	0.000000	0.000000	0.000000	0.000000	0.000000	0.000000	0.000000	0.000000	0.000000	0.000000	0.350000	0.600000	
0.500000	1.000000	0.500000	0.500000	0.500000	0.500000	0.500000	1.000000	1.000000	0.294611	0.000000	0.000000	0.000000	0.000000	0.000000	0.000000	0.000000	0.000000	0.000000	0.000000	0.000000	0.000000	0.000000	0.000000	0.000000	0.000000	0.000000	0.000000	0.140000	0.600000	
0.500000	0.540000	0.500000	0.500000	0.500000	0.500000	0.500000	1.000000	1.000000	0.294611	0.000000	0.000000	0.000000	0.000000	0.000000	0.000000	0.000000	0.000000	0.000000	0.000000	0.000000	0.000000	0.000000	0.000000	0.000000	0.000000	0.000000	0.000000	0.140000	0.710000	
0.500000	0.000000	0.500000	0.500000	0.500000	0.500000	0.500000	1.000000	1.000000	0.294611	0.000000	0.000000	0.000000	0.000000	0.000000	0.000000	0.000000	0.000000	0.000000	0.000000	0.000000	0.000000	0.000000	0.000000	0.000000	0.000000	0.000000	0.000000	0.140000	0.870000	
0.500000	0.000000	0.500000	0.500000	0.500000	0.500000	0.500000	1.000000	1.000000	0.706104	0.000000	0.000000	0.000000	0.000000	0.000000	0.000000	0.000000	0.000000	0.000000	0.000000	0.000000	0.000000	0.000000	0.000000	0.000000	0.000000	0.000000	0.000000	0.890000	0.870000	
0.500000	0.470000	0.500000	0.500000	0.500000	0.500000	0.500000	1.000000	1.000000	0.706104	0.000000	0.000000	0.000000	0.000000	0.000000	0.000000	0.000000	0.000000	0.000000	0.000000	0.000000	0.000000	0.000000	0.000000	0.000000	0.000000	0.000000	0.000000	0.890000	0.740000	
0.500000	0.900000	0.500000	0.500000	0.500000	0.500000	0.500000	1.000000	1.000000	0.706104	0.000000	0.000000	0.000000	0.000000	0.000000	0.000000	0.000000	0.000000	0.000000	0.000000	0.000000	0.000000	0.000000	0.000000	0.000000	0.000000	0.000000	0.000000	0.890000	0.590000	
0.000000	0.000000	0.000000	0.000000	0.000000	0.000000	0.000000	0.000000	0.000000	0.000000	0.000000	0.000000	0.000000	0.000000	0.000000	0.000000	0.000000	0.000000	0.000000	0.000000	0.000000	0.000000	0.000000	0.000000	0.000000	0.000000	0.000000	0.000000	0.500000	0.500000	
0.500000	0.000000	0.140000	0.500000	0.500000	0.500000	0.500000	1.000000	1.000000	0.500000	0.000000	0.000000	0.000000	0.000000	0.000000	0.000000	0.000000	0.000000	0.000000	0.000000	0.000000	0.000000	0.000000	0.000000	0.000000	0.000000	0.000000	0.000000	0.670000	1.000000	
0.500000	0.560000	0.140000	0.500000	0.500000	0.500000	0.500000	1.000000	1.000000	0.500000	0.000000	0.000000	0.000000	0.000000	0.000000	0.000000	0.000000	0.000000	0.000000	0.000000	0.000000	0.000000	0.000000	0.000000	0.000000	0.000000	0.000000	0.000000	0.670000	0.840000	
0.500000	1.000000	0.140000	0.500000	0.500000	0.500000	0.500000	1.000000	1.000000	0.500000	0.000000	0.000000	0.000000	0.000000	0.000000	0.000000	0.000000	0.000000	0.000000	0.000000	0.000000	0.000000	0.000000	0.000000	0.000000	0.000000	0.000000	0.000000	0.670000	0.610000	
0.500000	1.000000	0.760000	0.500000	0.500000	0.500000	0.500000	1.000000	1.000000	0.500000	0.000000	0.000000	0.000000	0.000000	0.000000	0.000000	0.000000	0.000000	0.000000	0.000000	0.000000	0.000000	0.000000	0.000000	0.000000	0.000000	0.000000	0.000000	0.340000	0.610000	
0.500000	0.500000	0.760000	0.500000	0.500000	0.500000	0.500000	1.000000	1.000000	0.500000	0.000000	0.000000	0.000000	0.000000	0.000000	0.000000	0.000000	0.000000	0.000000	0.000000	0.000000	0.000000	0.000000	0.000000	0.000000	0.000000	0.000000	0.000000	0.340000	0.780000	
0.500000	0.020000	0.760000	0.500000	0.500000	0.500000	0.500000	1.000000	1.000000	0.500000	0.000000	0.000000	0.000000	0.000000	0.000000	0.000000	0.000000	0.000000	0.000000	0.000000	0.000000	0.000000	0.000000	0.000000	0.000000	0.000000	0.000000	0.000000	0.340000	0.900000	
0.000000	0.000000	0.000000	0.000000	0.000000	0.000000	0.000000	0.000000	0.000000	0.000000	0.000000	0.000000	0.000000	0.000000	0.000000	0.000000	0.000000	0.000000	0.000000	0.000000	0.000000	0.000000	0.000000	0.000000	0.000000	0.000000	0.000000	0.000000	0.500000	0.500000	
0.500000	0.500000	0.500000	0.180000	0.500000	0.500000	0.500000	1.000000	1.000000	0.500000	0.000000	0.000000	0.000000	0.000000	0.000000	0.000000	0.000000	0.000000	0.000000	0.000000	0.000000	0.000000	0.000000	0.000000	0.000000	0.000000	0.000000	0.000000	0.720000	0.780000	
0.500000	0.000000	0.500000	0.180000	0.500000	0.500000	0.500000	1.000000	1.000000	0.500000	0.000000	0.000000	0.000000	0.000000	0.000000	0.000000	0.000000	0.000000	0.000000	0.000000	0.000000	0.000000	0.000000	0.000000	0.000000	0.000000	0.000000	0.000000	0.720000	1.000000	
0.500000	1.000000	0.500000	0.180000	0.500000	0.500000	0.500000	1.000000	1.000000	0.500000	0.000000	0.000000	0.000000	0.000000	0.000000	0.000000	0.000000	0.000000	0.000000	0.000000	0.000000	0.000000	0.000000	0.000000	0.000000	0.000000	0.000000	0.000000	0.720000	0.550000	
0.500000	1.000000	0.500000	0.750000	0.500000	0.500000	0.500000	1.000000	1.000000	0.500000	0.000000	0.000000	0.000000	0.000000	0.000000	0.000000	0.000000	0.000000	0.000000	0.000000	0.000000	0.000000	0.000000	0.000000	0.000000	0.000000	0.000000	0.000000	0.260000	0.550000	
0.500000	0.420000	0.500000	0.750000	0.500000	0.500000	0.500000	1.000000	1.000000	0.500000	0.000000	0.000000	0.000000	0.000000	0.000000	0.000000	0.000000	0.000000	0.000000	0.000000	0.000000	0.000000	0.000000	0.000000	0.000000	0.000000	0.000000	0.000000	0.260000	0.740000	
0.500000	0.000000	0.500000	0.750000	0.500000	0.500000	0.500000	1.000000	1.000000	0.500000	0.000000	0.000000	0.000000	0.000000	0.000000	0.000000	0.000000	0.000000	0.000000	0.000000	0.000000	0.000000	0.000000	0.000000	0.000000	0.000000	0.000000	0.000000	0.260000	1.000000	
0.000000	0.000000	0.000000	0.000000	0.000000	0.000000	0.000000	0.000000	0.000000	0.000000	0.000000	0.000000	0.000000	0.000000	0.000000	0.000000	0.000000	0.000000	0.000000	0.000000	0.000000	0.000000	0.000000	0.000000	0.000000	0.000000	0.000000	0.000000	0.500000	0.500000	
0.500000	0.500000	0.500000	0.500000	0.760000	0.500000	0.500000	1.000000	1.000000	0.500000	0.000000	0.000000	0.000000	0.000000	0.000000	0.000000	0.000000	0.000000	0.000000	0.000000	0.000000	0.000000	0.000000	0.000000	0.000000	0.000000	0.000000	0.000000	0.250000	0.720000	
0.500000	1.000000	0.500000	0.500000	0.760000	0.500000	0.500000	1.000000	1.000000	0.500000	0.000000	0.000000	0.000000	0.000000	0.000000	0.000000	0.000000	0.000000	0.000000	0.000000	0.000000	0.000000	0.000000	0.000000	0.000000	0.000000	0.000000	0.000000	0.250000	0.810000	
0.500000	0.000000	0.500000	0.500000	0.760000	0.500000	0.500000	1.000000	1.000000	0.500000	0.000000	0.000000	0.000000	0.000000	0.000000	0.000000	0.000000	0.000000	0.000000	0.000000	0.000000	0.000000	0.000000	0.000000	0.000000	0.000000	0.000000	0.000000	0.250000	1.000000	
0.500000	0.000000	0.500000	0.500000	0.220000	0.500000	0.500000	1.000000	1.000000	0.500000	0.000000	0.000000	0.000000	0.000000	0.000000	0.000000	0.000000	0.000000	0.000000	0.000000	0.000000	0.000000	0.000000	0.000000	0.000000	0.000000	0.000000	0.000000	0.750000	1.000000	
0.500000	0.490000	0.500000	0.500000	0.220000	0.500000	0.500000	1.000000	1.000000	0.500000	0.000000	0.000000	0.000000	0.000000	0.000000	0.000000	0.000000	0.000000	0.000000	0.000000	0.000000	0.000000	0.000000	0.000000	0.000000	0.000000	0.000000	0.000000	0.750000	0.820000	
0.500000	1.000000	0.500000	0.500000	0.220000	0.500000	0.500000	1.000000	1.000000	0.500000	0.000000	0.000000	0.000000	0.000000	0.000000	0.000000	0.000000	0.000000	0.000000	0.000000	0.000000	0.000000	0.000000	0.000000	0.000000	0.000000	0.000000	0.000000	0.750000	0.550000	
0.000000	0.000000	0.000000	0.000000	0.000000	0.000000	0.000000	0.000000	0.000000	0.000000	0.000000	0.000000	0.000000	0.000000	0.000000	0.000000	0.000000	0.000000	0.000000	0.000000	0.000000	0.000000	0.000000	0.000000	0.000000	0.000000	0.000000	0.000000	0.500000	0.500000	
0.500000	0.500000	0.500000	0.500000	0.500000	0.810000	0.500000	1.000000	1.000000	0.500000	0.000000	0.000000	0.000000	0.000000	0.000000	0.000000	0.000000	0.000000	0.000000	0.000000	0.000000	0.000000	0.000000	0.000000	0.000000	0.000000	0.000000	0.000000	0.370000	0.660000	
0.500000	0.000000	0.500000	0.500000	0.500000	0.810000	0.500000	1.000000	1.000000	0.500000	0.000000	0.000000	0.000000	0.000000	0.000000	0.000000	0.000000	0.000000	0.000000	0.000000	0.000000	0.000000	0.000000	0.000000	0.000000	0.000000	0.000000	0.000000	0.370000	1.000000	
0.500000	1.000000	0.500000	0.500000	0.500000	0.810000	0.500000	1.000000	1.000000	0.500000	0.000000	0.000000	0.000000	0.000000	0.000000	0.000000	0.000000	0.000000	0.000000	0.000000	0.000000	0.000000	0.000000	0.000000	0.000000	0.000000	0.000000	0.000000	0.370000	0.590000	
0.500000	1.000000	0.500000	0.500000	0.500000	0.260000	0.500000	1.000000	1.000000	0.500000	0.000000	0.000000	0.000000	0.000000	0.000000	0.000000	0.000000	0.000000	0.000000	0.000000	0.000000	0.000000	0.000000	0.000000	0.000000	0.000000	0.000000	0.000000	0.650000	0.590000	
0.500000	0.560000	0.500000	0.500000	0.500000	0.260000	0.500000	1.000000	1.000000	0.500000	0.000000	0.000000	0.000000	0.000000	0.000000	0.000000	0.000000	0.000000	0.000000	0.000000	0.000000	0.000000	0.000000	0.000000	0.000000	0.000000	0.000000	0.000000	0.650000	0.740000	
0.500000	0.000000	0.500000	0.500000	0.500000	0.260000	0.500000	1.000000	1.000000	0.500000	0.000000	0.000000	0.000000	0.000000	0.000000	0.000000	0.000000	0.000000	0.000000	0.000000	0.000000	0.000000	0.000000	0.000000	0.000000	0.000000	0.000000	0.000000	0.650000	1.000000	
0.000000	0.000000	0.000000	0.000000	0.000000	0.000000	0.000000	0.000000	0.000000	0.000000	0.000000	0.000000	0.000000	0.000000	0.000000	0.000000	0.000000	0.000000	0.000000	0.000000	0.000000	0.000000	0.000000	0.000000	0.000000	0.000000	0.000000	0.000000	0.500000	0.500000	
0.500000	0.500000	0.500000	0.500000	0.500000	0.500000	0.170000	1.000000	1.000000	0.500000	0.000000	0.000000	0.000000	0.000000	0.000000	0.000000	0.000000	0.000000	0.000000	0.000000	0.000000	0.000000	0.000000	0.000000	0.000000	0.000000	0.000000	0.000000	0.670000	0.730000	
0.500000	0.000000	0.500000	0.500000	0.500000	0.500000	0.170000	1.000000	1.000000	0.500000	0.000000	0.000000	0.000000	0.000000	0.000000	0.000000	0.000000	0.000000	0.000000	0.000000	0.000000	0.000000	0.000000	0.000000	0.000000	0.000000	0.000000	0.000000	0.670000	0.730000	
0.500000	1.000000	0.500000	0.500000	0.500000	0.500000	0.170000	1.000000	1.000000	0.500000	0.000000	0.000000	0.000000	0.000000	0.000000	0.000000	0.000000	0.000000	0.000000	0.000000	0.000000	0.000000	0.000000	0.000000	0.000000	0.000000	0.000000	0.000000	0.670000	1.000000	
0.500000	1.000000	0.500000	0.500000	0.500000	0.500000	0.760000	1.000000	1.000000	0.500000	0.000000	0.000000	0.000000	0.000000	0.000000	0.000000	0.000000	0.000000	0.000000	0.000000	0.000000	0.000000	0.000000	0.000000	0.000000	0.000000	0.000000	0.000000	0.340000	1.000000	
0.500000	0.550000	0.500000	0.500000	0.500000	0.500000	0.760000	1.000000	1.000000	0.500000	0.000000	0.000000	0.000000	0.000000	0.000000	0.000000	0.000000	0.000000	0.000000	0.000000	0.000000	0.000000	0.000000	0.000000	0.000000	0.000000	0.000000	0.000000	0.340000	1.000000	
0.500000	0.000000	0.500000	0.500000	0.500000	0.500000	0.760000	1.000000	1.000000	0.500000	0.000000	0.000000	0.000000	0.000000	0.000000	0.000000	0.000000	0.000000	0.000000	0.000000	0.000000	0.000000	0.000000	0.000000	0.000000	0.000000	0.000000	0.000000	0.340000	1.000000	
0.000000	0.000000	0.000000	0.000000	0.000000	0.000000	0.000000	0.000000	0.000000	0.000000	0.000000	0.000000	0.000000	0.000000	0.000000	0.000000	0.000000	0.000000	0.000000	0.000000	0.000000	0.000000	0.000000	0.000000	0.000000	0.000000	0.000000	0.000000	0.500000	0.500000	
0.500000	0.000000	0.500000	0.500000	0.500000	0.500000	0.500000	1.000000	1.000000	0.752340	0.000000	0.000000	0.000000	0.000000	0.000000	0.000000	0.000000	0.000000	0.000000	0.000000	0.000000	0.000000	0.000000	0.000000	0.000000	0.000000	0.000000	0.000000	0.920000	0.590000	
0.500000	0.460000	0.500000	0.500000	0.500000	0.500000	0.500000	1.000000	1.000000	0.752340	0.000000	0.000000	0.000000	0.000000	0.000000	0.000000	0.000000	0.000000	0.000000	0.000000	0.000000	0.000000	0.000000	0.000000	0.000000	0.000000	0.000000	0.000000	0.920000	0.730000	
0.500000	1.000000	0.500000	0.500000	0.500000	0.500000	0.500000	1.000000	1.000000	0.752340	0.000000	0.000000	0.000000	0.000000	0.000000	0.000000	0.000000	0.000000	0.000000	0.000000	0.000000	0.000000	0.000000	0.000000	0.000000	0.000000	0.000000	0.000000	0.920000	0.540000	
0.500000	1.000000	0.500000	0.500000	0.500000	0.500000	0.500000	1.000000	1.000000	0.244784	0.000000	0.000000	0.000000	0.000000	0.000000	0.000000	0.000000	0.000000	0.000000	0.000000	0.000000	0.000000	0.000000	0.000000	0.000000	0.000000	0.000000	0.000000	0.110000	0.540000	
0.500000	0.450000	0.500000	0.500000	0.500000	0.500000	0.500000	1.000000	1.000000	0.244784	0.000000	0.000000	0.000000	0.000000	0.000000	0.000000	0.000000	0.000000	0.000000	0.000000	0.000000	0.000000	0.000000	0.000000	0.000000	0.000000	0.000000	0.000000	0.110000	0.680000	
0.500000	0.000000	0.500000	0.500000	0.500000	0.500000	0.500000	1.000000	1.000000	0.244784	0.000000	0.000000	0.000000	0.000000	0.000000	0.000000	0.000000	0.000000	0.000000	0.000000	0.000000	0.000000	0.000000	0.000000	0.000000	0.000000	0.000000	0.000000	0.110000	0.780000	
0.000000	0.000000	0.000000	0.000000	0.000000	0.000000	0.000000	0.000000	0.000000	0.000000	0.000000	0.000000	0.000000	0.000000	0.000000	0.000000	0.000000	0.000000	0.000000	0.000000	0.000000	0.000000	0.000000	0.000000	0.000000	0.000000	0.000000	0.000000	0.500000	0.500000	
0.611128	0.970000	0.500000	0.500000	0.500000	0.500000	0.500000	1.000000	1.000000	0.500000	0.000000	0.000000	0.000000	0.000000	0.000000	0.000000	0.000000	0.000000	0.000000	0.000000	0.000000	0.000000	0.000000	0.000000	0.000000	0.000000	0.000000	0.000000	0.230000	0.560000	
0.611128	0.420000	0.500000	0.500000	0.500000	0.500000	0.500000	1.000000	1.000000	0.500000	0.000000	0.000000	0.000000	0.000000	0.000000	0.000000	0.000000	0.000000	0.000000	0.000000	0.000000	0.000000	0.000000	0.000000	0.000000	0.000000	0.000000	0.000000	0.230000	0.750000	
0.611128	0.050000	0.500000	0.500000	0.500000	0.500000	0.500000	1.000000	1.000000	0.500000	0.000000	0.000000	0.000000	0.000000	0.000000	0.000000	0.000000	0.000000	0.000000	0.000000	0.000000	0.000000	0.000000	0.000000	0.000000	0.000000	0.000000	0.000000	0.230000	0.910000	
0.732388	1.000000	0.500000	0.500000	0.500000	0.500000	0.500000	1.000000	1.000000	0.500000	0.000000	0.000000	0.000000	0.000000	0.000000	0.000000	0.000000	0.000000	0.000000	0.000000	0.000000	0.000000	0.000000	0.000000	0.000000	0.000000	0.000000	0.000000	0.000000	0.430000	
0.732388	0.490000	0.500000	0.500000	0.500000	0.500000	0.500000	1.000000	1.000000	0.500000	0.000000	0.000000	0.000000	0.000000	0.000000	0.000000	0.000000	0.000000	0.000000	0.000000	0.000000	0.000000	0.000000	0.000000	0.000000	0.000000	0.000000	0.000000	0.000000	0.520000	
0.732388	0.000000	0.500000	0.500000	0.500000	0.500000	0.500000	1.000000	1.000000	0.500000	0.000000	0.000000	0.000000	0.000000	0.000000	0.000000	0.000000	0.000000	0.000000	0.000000	0.000000	0.000000	0.000000	0.000000	0.000000	0.000000	0.000000	0.000000	0.000000	0.670000	
0.390112	1.000000	0.500000	0.500000	0.500000	0.500000	0.500000	1.000000	1.000000	0.500000	0.000000	0.000000	0.000000	0.000000	0.000000	0.000000	0.000000	0.000000	0.000000	0.000000	0.000000	0.000000	0.000000	0.000000	0.000000	0.000000	0.000000	0.000000	0.890000	0.670000	
0.390112	0.520000	0.500000	0.500000	0.500000	0.500000	0.500000	1.000000	1.000000	0.500000	0.000000	0.000000	0.000000	0.000000	0.000000	0.000000	0.000000	0.000000	0.000000	0.000000	0.000000	0.000000	0.000000	0.000000	0.000000	0.000000	0.000000	0.000000	0.890000	0.740000	
0.390112	0.000000	0.500000	0.500000	0.500000	0.500000	0.500000	1.000000	1.000000	0.500000	0.000000	0.000000	0.000000	0.000000	0.000000	0.000000	0.000000	0.000000	0.000000	0.000000	0.000000	0.000000	0.000000	0.000000	0.000000	0.000000	0.000000	0.000000	0.890000	0.800000	
0.247552	1.000000	0.500000	0.500000	0.500000	0.500000	0.500000	1.000000	1.000000	0.500000	0.000000	0.000000	0.000000	0.000000	0.000000	0.000000	0.000000	0.000000	0.000000	0.000000	0.000000	0.000000	0.000000	0.000000	0.000000	0.000000	0.000000	0.000000	1.000000	0.390000	
0.247552	0.550000	0.500000	0.500000	0.500000	0.500000	0.500000	1.000000	1.000000	0.500000	0.000000	0.000000	0.000000	0.000000	0.000000	0.000000	0.000000	0.000000	0.000000	0.000000	0.000000	0.000000	0.000000	0.000000	0.000000	0.000000	0.000000	0.000000	1.000000	0.540000	
0.247552	0.040000	0.500000	0.500000	0.500000	0.500000	0.500000	1.000000	1.000000	0.500000	0.000000	0.000000	0.000000	0.000000	0.000000	0.000000	0.000000	0.000000	0.000000	0.000000	0.000000	0.000000	0.000000	0.000000	0.000000	0.000000	0.000000	0.000000	1.000000	0.670000	
0.000000	0.000000	0.000000	0.000000	0.000000	0.000000	0.000000	0.000000	0.000000	0.000000	0.000000	0.000000	0.000000	0.000000	0.000000	0.000000	0.000000	0.000000	0.000000	0.000000	0.000000	0.000000	0.000000	0.000000	0.000000	0.000000	0.000000	0.000000	0.500000	0.500000	
#Testovaci vstupy
#pocet
0
